188,831	-19,33
189,284	-19,33
189,736	-19,33
190,189	-82,61
190,641	-3,52
191,093	-21,59
191,546	-69,05
191,998	-66,79
192,45	-53,23
192,902	25,86
193,355	14,56
193,807	-10,29
194,259	41,68
194,711	34,9
195,163	7,78
195,615	52,98
196,067	100,44
196,519	86,88
196,971	84,62
197,423	107,22
197,875	141,11
198,327	138,85
198,779	154,67
199,231	249,59
199,682	202,13
200,134	269,92
200,586	236,03
201,038	276,7
201,489	181,79
201,941	301,56
202,393	236,03
202,844	292,52
203,296	310,6
203,747	310,6
204,199	360,32
204,65	306,08
205,102	346,76
205,553	315,12
206,004	353,54
206,456	312,86
206,907	342,24
207,358	328,68
207,809	326,42
208,261	299,3
208,712	312,86
209,163	349,02
209,614	333,2
210,065	310,6
210,516	367,1
210,967	330,94
211,418	358,06
211,869	351,28
212,32	292,52
212,771	306,08
213,222	362,58
213,673	351,28
214,124	306,08
214,575	315,12
215,025	303,82
215,476	269,92
215,927	353,54
216,377	278,96
216,828	290,26
217,279	285,74
217,729	335,46
218,18	315,12
218,63	236,03
219,081	333,2
219,531	328,68
219,982	263,14
220,432	217,95
220,882	324,16
221,333	310,6
221,783	326,42
222,233	346,76
222,684	367,1
223,134	288
223,584	335,46
224,034	353,54
224,484	256,36
224,934	333,2
225,384	315,12
225,834	326,42
226,284	344,5
226,734	360,32
227,184	355,8
227,634	324,16
228,084	306,08
228,534	299,3
228,984	315,12
229,433	317,38
229,883	283,48
230,333	344,5
230,783	324,16
231,232	321,9
231,682	360,32
232,131	299,3
232,581	306,08
233,03	310,6
233,48	265,4
233,929	283,48
234,379	303,82
234,828	369,36
235,278	265,4
235,727	317,38
236,176	321,9
236,625	326,42
237,075	317,38
237,524	328,68
237,973	276,7
238,422	339,98
238,871	315,12
239,32	330,94
239,769	263,14
240,218	263,14
240,667	328,68
241,116	326,42
241,565	306,08
242,014	269,92
242,463	276,7
242,912	299,3
243,361	267,66
243,809	317,38
244,258	247,33
244,707	339,98
245,156	398,73
245,604	292,52
246,053	281,22
246,501	238,29
246,95	285,74
247,398	349,02
247,847	278,96
248,295	317,38
248,744	321,9
249,192	342,24
249,64	312,86
250,089	265,4
250,537	276,7
250,985	299,3
251,433	290,26
251,882	267,66
252,33	308,34
252,778	274,44
253,226	308,34
253,674	269,92
254,122	249,59
254,57	292,52
255,018	265,4
255,466	303,82
255,914	294,78
256,362	290,26
256,81	349,02
257,257	405,51
257,705	254,11
258,153	367,1
258,601	251,85
259,048	315,12
259,496	315,12
259,943	380,66
260,391	260,88
260,838	294,78
261,286	222,47
261,733	233,77
262,181	353,54
262,628	312,86
263,076	272,18
263,523	294,78
263,97	283,48
264,418	303,82
264,865	299,3
265,312	226,99
265,759	281,22
266,206	339,98
266,653	272,18
267,101	290,26
267,548	299,3
267,995	337,72
268,442	326,42
268,888	276,7
269,335	292,52
269,782	242,81
270,229	251,85
270,676	294,78
271,123	290,26
271,569	337,72
272,016	267,66
272,463	272,18
272,909	288
273,356	285,74
273,803	315,12
274,249	294,78
274,696	371,62
275,142	312,86
275,589	306,08
276,035	319,64
276,481	276,7
276,928	339,98
277,374	335,46
277,82	281,22
278,267	324,16
278,713	310,6
279,159	301,56
279,605	281,22
280,051	297,04
280,497	328,68
280,943	319,64
281,389	283,48
281,835	360,32
282,281	349,02
282,727	328,68
283,173	330,94
283,619	315,12
284,065	362,58
284,51	310,6
284,956	330,94
285,402	362,58
285,848	423,59
286,293	306,08
286,739	333,2
287,184	333,2
287,63	299,3
288,075	333,2
288,521	281,22
288,966	326,42
289,412	371,62
289,857	371,62
290,302	308,34
290,748	353,54
291,193	258,62
291,638	301,56
292,083	285,74
292,529	276,7
292,974	367,1
293,419	382,92
293,864	380,66
294,309	281,22
294,754	276,7
295,199	288
295,644	299,3
296,089	342,24
296,533	315,12
296,978	360,32
297,423	315,12
297,868	319,64
298,313	353,54
298,757	328,68
299,202	346,76
299,647	321,9
300,091	349,02
300,536	285,74
300,98	308,34
301,425	385,18
301,869	339,98
302,313	367,1
302,758	310,6
303,202	281,22
303,646	285,74
304,091	367,1
304,535	283,48
304,979	315,12
305,423	333,2
305,867	362,58
306,312	301,56
306,756	310,6
307,2	342,24
307,644	387,43
308,088	398,73
308,532	369,36
308,975	281,22
309,419	267,66
309,863	335,46
310,307	364,84
310,751	299,3
311,194	330,94
311,638	360,32
312,082	274,44
312,525	306,08
312,969	353,54
313,412	315,12
313,856	256,36
314,299	349,02
314,743	317,38
315,186	326,42
315,629	344,5
316,073	342,24
316,516	306,08
316,959	378,4
317,403	330,94
317,846	288
318,289	339,98
318,732	310,6
319,175	319,64
319,618	312,86
320,061	321,9
320,504	299,3
320,947	292,52
321,39	303,82
321,833	290,26
322,276	355,8
322,718	306,08
323,161	294,78
323,604	306,08
324,047	324,16
324,489	310,6
324,932	324,16
325,374	288
325,817	335,46
326,26	349,02
326,702	353,54
327,144	333,2
327,587	326,42
328,029	344,5
328,472	285,74
328,914	344,5
329,356	369,36
329,798	385,18
330,24	265,4
330,683	297,04
331,125	387,43
331,567	349,02
332,009	330,94
332,451	333,2
332,893	342,24
333,335	367,1
333,777	288
334,219	283,48
334,66	369,36
335,102	369,36
335,544	333,2
335,986	319,64
336,427	290,26
336,869	297,04
337,311	380,66
337,752	389,69
338,194	396,47
338,635	310,6
339,077	319,64
339,518	330,94
339,96	369,36
340,401	294,78
340,842	312,86
341,283	344,5
341,725	272,18
342,166	312,86
342,607	292,52
343,048	299,3
343,489	310,6
343,93	308,34
344,371	326,42
344,812	294,78
345,253	319,64
345,694	346,76
346,135	315,12
346,576	317,38
347,017	382,92
347,458	333,2
347,898	335,46
348,339	297,04
348,78	367,1
349,22	315,12
349,661	312,86
350,102	344,5
350,542	321,9
350,983	326,42
351,423	317,38
351,863	371,62
352,304	274,44
352,744	324,16
353,184	274,44
353,625	265,4
354,065	349,02
354,505	339,98
354,945	321,9
355,385	303,82
355,825	321,9
356,265	301,56
356,705	317,38
357,145	362,58
357,585	312,86
358,025	349,02
358,465	405,51
358,905	272,18
359,345	346,76
359,784	301,56
360,224	360,32
360,664	312,86
361,103	285,74
361,543	288
361,983	373,88
362,422	290,26
362,862	367,1
363,301	360,32
363,74	353,54
364,18	317,38
364,619	373,88
365,058	355,8
365,498	373,88
365,937	245,07
366,376	364,84
366,815	330,94
367,254	387,43
367,693	301,56
368,132	333,2
368,571	333,2
369,01	362,58
369,449	360,32
369,888	335,46
370,327	297,04
370,766	333,2
371,205	321,9
371,643	344,5
372,082	337,72
372,521	380,66
372,959	290,26
373,398	303,82
373,836	333,2
374,275	346,76
374,713	367,1
375,152	355,8
375,59	385,18
376,028	396,47
376,467	358,06
376,905	301,56
377,343	288
377,782	308,34
378,22	346,76
378,658	376,14
379,096	380,66
379,534	369,36
379,972	326,42
380,41	303,82
380,848	443,93
381,286	358,06
381,724	391,95
382,161	396,47
382,599	407,77
383,037	339,98
383,475	326,42
383,912	364,84
384,35	416,81
384,787	398,73
385,225	324,16
385,663	346,76
386,1	459,75
386,537	405,51
386,975	434,89
387,412	337,72
387,85	360,32
388,287	351,28
388,724	373,88
389,161	414,55
389,598	376,14
390,036	358,06
390,473	319,64
390,91	434,89
391,347	400,99
391,784	373,88
392,221	405,51
392,657	400,99
393,094	398,73
393,531	389,69
393,968	412,29
394,405	378,4
394,841	376,14
395,278	446,19
395,715	432,63
396,151	430,37
396,588	358,06
397,024	326,42
397,461	728,67
397,897	486,87
398,334	459,75
398,77	400,99
399,206	369,36
399,642	382,92
400,079	450,71
400,515	373,88
400,951	432,63
401,387	434,89
401,823	419,07
402,259	403,25
402,695	455,23
403,131	400,99
403,567	493,65
404,003	373,88
404,439	416,81
404,875	421,33
405,31	477,83
405,746	480,09
406,182	423,59
406,618	405,51
407,053	457,49
407,489	459,75
407,924	502,69
408,36	493,65
408,795	511,73
409,231	414,55
409,666	457,49
410,101	495,91
410,537	434,89
410,972	434,89
411,407	473,31
411,842	471,05
412,277	437,15
412,712	529,8
413,147	534,32
413,582	466,53
414,017	466,53
414,452	462,01
414,887	459,75
415,322	502,69
415,757	466,53
416,192	423,59
416,626	468,79
417,061	462,01
417,496	572,74
417,93	532,06
418,365	509,47
418,799	534,32
419,234	541,1
419,668	534,32
420,103	538,84
420,537	489,13
420,972	495,91
421,406	588,56
421,84	570,48
422,274	588,56
422,708	604,38
423,143	513,99
423,577	489,13
424,011	532,06
424,445	513,99
424,879	518,5
425,313	563,7
425,747	491,39
426,18	556,92
426,614	520,76
427,048	493,65
427,482	579,52
427,915	561,44
428,349	559,18
428,783	606,64
429,216	504,95
429,65	568,22
430,083	568,22
430,517	624,72
430,95	602,12
431,383	606,64
431,817	570,48
432,25	606,64
432,683	611,16
433,117	536,58
433,55	504,95
433,983	602,12
434,416	663,13
434,849	570,48
435,282	523,02
435,715	584,04
436,148	608,9
436,581	645,06
437,014	590,82
437,446	638,28
437,879	599,86
438,312	606,64
438,744	584,04
439,177	588,56
439,61	602,12
440,042	572,74
440,475	636,02
440,907	636,02
441,34	651,83
441,772	715,11
442,204	631,5
442,637	647,32
443,069	608,9
443,501	631,5
443,933	728,67
444,366	663,13
444,798	667,65
445,23	651,83
445,662	712,85
446,094	697,03
446,526	683,47
446,958	730,93
447,389	701,55
447,821	710,59
448,253	773,87
448,685	694,77
449,116	703,81
449,548	760,31
449,98	726,41
450,411	776,13
450,843	796,46
451,274	753,53
451,706	762,57
452,137	816,8
452,568	782,9
453	805,5
453,431	755,79
453,862	712,85
454,293	769,35
454,725	789,68
455,156	834,88
455,587	753,53
456,018	825,84
456,449	814,54
456,88	798,72
457,311	812,28
457,741	850,7
458,172	814,54
458,603	807,76
459,034	837,14
459,464	841,66
459,895	823,58
460,326	839,4
460,756	873,3
461,187	968,21
461,617	884,6
462,048	850,7
462,478	938,83
462,908	911,71
463,339	862
463,769	920,75
464,199	990,81
464,629	900,42
465,06	934,31
465,49	929,79
465,92	1015,67
466,35	1056,34
466,78	1029,23
467,21	1038,27
467,64	1045,04
468,069	1029,23
468,499	1072,16
468,929	1040,53
469,359	1167,08
469,788	1171,6
470,218	1117,36
470,648	1167,08
471,077	1182,89
471,507	1180,63
471,936	1252,95
472,366	1139,96
472,795	1214,53
473,224	1250,69
473,654	1264,25
474,083	1325,26
474,512	1323
474,941	1338,82
475,37	1268,77
475,799	1402,1
476,228	1458,59
476,657	1431,48
477,086	1415,66
477,515	1499,27
477,944	1442,77
478,373	1567,06
478,802	1483,45
479,231	1445,03
479,659	1524,13
480,088	1530,91
480,516	1625,82
480,945	1621,3
481,374	1637,12
481,802	1686,84
482,231	1693,62
482,659	1738,81
483,087	1725,25
483,516	1725,25
483,944	1835,98
484,372	1867,62
484,8	1851,8
485,228	1887,96
485,657	1915,08
486,085	1939,94
486,513	1944,46
486,941	1908,3
487,368	1982,87
487,796	1921,86
488,224	2034,85
488,652	2050,67
489,08	2199,82
489,507	2197,56
489,935	2152,36
490,363	2143,32
490,79	2231,45
491,218	2294,73
491,645	2217,9
492,073	2186,26
492,5	2294,73
492,928	2321,85
493,355	2324,11
493,782	2306,03
494,209	2292,47
494,637	2468,74
495,064	2423,54
495,491	2364,78
495,918	2432,58
496,345	2495,85
496,772	2461,96
497,199	2629,18
497,626	2477,78
498,053	2493,59
498,479	2654,04
498,906	2599,81
499,333	2495,85
499,759	2629,18
500,186	2581,73
500,613	2599,81
501,039	2649,52
501,466	2717,32
501,892	2726,36
502,319	2828,05
502,745	2771,55
503,171	2909,4
503,597	2789,63
504,024	2877,76
504,45	2805,45
504,876	2825,79
505,302	2900,36
505,728	2907,14
506,154	2866,47
506,58	2981,72
507,006	3067,59
507,432	3035,95
507,858	3115,05
508,284	2983,98
508,709	3119,57
509,135	3101,49
509,561	3160,24
509,986	3060,81
510,412	3180,58
510,837	3196,4
511,263	3270,97
511,688	3293,57
512,114	3162,5
512,539	3234,82
512,964	3420,12
513,39	3465,32
513,815	3447,24
514,24	3361,37
514,665	3413,34
515,09	3393,01
515,515	3456,28
515,94	3460,8
516,365	3519,56
516,79	3431,42
517,215	3623,51
517,64	3569,27
518,064	3609,95
518,489	3643,85
518,914	3632,55
519,338	3578,31
519,763	3720,68
520,188	3770,4
520,612	3709,38
521,037	3842,71
521,461	3765,88
521,885	3756,84
522,31	3833,67
522,734	3854,01
523,158	3921,81
523,582	3982,82
524,006	4059,65
524,431	3951,18
524,855	3957,96
525,279	4050,62
525,703	3942,14
526,126	4197,5
526,55	4014,46
526,974	4012,2
527,398	4251,74
527,822	4244,96
528,245	4199,76
528,669	4129,71
529,093	4226,88
529,516	4206,54
529,94	4421,23
530,363	4283,38
530,786	4294,68
531,21	4380,55
531,633	4351,17
532,056	4362,47
532,48	4378,29
532,903	4468,68
533,326	4391,85
533,749	4319,53
534,172	4495,8
534,595	4541
535,018	4561,34
535,441	4547,78
535,864	4588,45
536,287	4597,49
536,71	4629,13
537,132	4852,85
537,555	4699,19
537,978	4730,82
538,4	4624,61
538,823	4787,32
539,245	4812,18
539,668	4904,83
540,09	4807,66
540,513	4900,31
540,935	5029,12
541,357	5006,52
541,779	4950,03
542,202	5094,66
542,624	4968,11
543,046	5065,28
543,468	5137,59
543,89	5101,44
544,312	5148,89
544,734	5126,29
545,156	5110,47
545,577	5307,08
545,999	5144,37
546,421	5289
546,843	5273,18
547,264	5368,09
547,686	5404,25
548,107	5316,12
548,529	5501,42
548,95	5460,75
549,372	5453,97
549,793	5291,26
550,214	5474,31
550,636	5431,37
551,057	5627,98
551,478	5591,82
551,899	5668,65
552,32	5533,06
552,741	5655,09
553,162	5675,43
553,583	5679,95
554,004	5686,73
554,425	5774,86
554,846	5892,37
555,267	5806,5
555,687	5763,56
556,108	5899,15
556,529	5853,96
556,949	5985,03
557,37	6098,02
557,79	5987,29
558,211	6043,78
558,631	6000,85
559,051	6064,12
559,472	6116,1
559,892	6127,4
560,312	6192,93
560,732	6122,88
561,152	6061,86
561,572	6507,05
561,992	6339,82
562,412	6285,58
562,832	6364,68
563,252	6339,82
563,672	6430,21
564,092	6396,32
564,512	6416,65
564,931	6378,24
565,351	6351,12
565,77	6446,03
566,19	6371,46
566,609	6545,47
567,029	6592,92
567,448	6572,58
567,868	6518,35
568,287	6577,1
568,706	6721,73
569,125	6678,79
569,545	6846,02
569,964	6674,28
570,383	6888,96
570,802	6843,76
571,221	6873,14
571,64	6877,66
572,059	6938,68
572,478	6859,58
572,896	7065,23
573,315	6959,01
573,734	7162,4
574,152	7123,98
574,571	7266,35
574,99	7401,94
575,408	7420,02
575,827	7433,58
576,245	7435,84
576,663	7573,69
577,082	7661,82
577,5	7682,16
577,918	7627,92
578,336	7424,54
578,754	7492,33
579,172	7415,5
579,591	7684,42
580,009	7553,35
580,426	7410,98
580,844	7530,75
581,262	7544,31
581,68	7634,7
582,098	7485,55
582,515	7614,36
582,933	7618,88
583,351	7603,06
583,768	7580,47
584,186	7612,1
584,603	7738,65
585,021	7589,51
585,438	7704,76
585,855	7682,16
586,273	7790,63
586,69	7838,09
587,107	7930,74
587,524	7777,07
587,941	7953,34
588,358	7896,84
588,775	7982,72
589,192	8059,55
589,609	8233,56
590,026	8321,69
590,443	8290,05
590,859	8511,52
591,276	8312,65
591,693	8619,99
592,109	8552,19
592,526	8755,58
592,942	8803,03
593,359	8784,95
593,775	8798,51
594,192	8949,92
594,608	8906,98
595,024	8916,02
595,44	9297,94
595,856	9094,55
596,273	9024,5
596,689	9092,29
597,105	9139,75
597,521	9259,52
597,937	8997,38
598,352	9316,01
598,768	9112,63
599,184	9112,63
599,6	9392,85
600,015	9094,55
600,431	9110,37
600,847	9049,35
601,262	9128,45
601,678	9173,64
602,093	9157,83
602,508	9169,12
602,924	8931,84
603,339	8979,3
603,754	9157,83
604,169	9090,03
604,585	8995,12
605	8633,55
605,415	9049,35
605,83	9008,68
606,245	9053,87
606,66	8997,38
607,074	8983,82
607,489	8818,85
607,904	8977,04
608,319	8816,59
608,733	8943,14
609,148	8764,62
609,563	8893,43
609,977	9047,09
610,391	8954,44
610,806	8681
611,22	9013,2
611,635	8947,66
612,049	8803,03
612,463	8893,43
612,877	8803,03
613,291	9193,98
613,705	8821,11
614,119	8913,76
614,533	8990,6
614,947	9004,16
615,361	8864,05
615,775	8875,35
616,189	9001,9
616,602	9083,25
617,016	8929,58
617,43	8977,04
617,843	8952,18
618,257	8909,24
618,67	8952,18
619,084	8895,69
619,497	9010,94
619,91	9092,29
620,324	8906,98
620,737	9026,76
621,15	9275,34
621,563	8877,61
621,976	9180,42
622,389	8958,96
622,802	9252,74
623,215	9035,8
623,628	9090,03
624,041	9180,42
624,454	9090,03
624,866	9331,83
625,279	9142,01
625,692	8990,6
626,104	9221,1
626,517	9325,05
626,929	9049,35
627,342	9080,99
627,754	9239,18
628,166	9216,58
628,579	9241,44
628,991	9318,27
629,403	9058,39
629,815	9325,05
630,227	9316,01
630,639	9293,42
631,051	9227,88
631,463	9180,42
631,875	9268,56
632,287	9212,06
632,699	9153,31
633,11	9042,57
633,522	9465,16
633,934	9311,49
634,345	9361,21
634,757	9354,43
635,168	9160,09
635,58	9293,42
635,991	9304,71
636,402	9112,63
636,814	9157,83
637,225	9200,76
637,636	9325,05
638,047	9309,23
638,458	9164,61
638,869	9331,83
639,28	9114,89
639,691	9198,5
640,102	9300,19
640,513	9440,3
640,924	9514,88
641,334	9639,17
641,745	9383,81
642,155	9474,2
642,566	9338,61
642,977	9363,47
643,387	9327,31
643,797	9397,37
644,208	9426,75
644,618	9512,62
645,028	9322,79
645,439	9433,52
645,849	9367,99
646,259	9494,54
646,669	9612,05
647,079	9440,3
647,489	9345,39
647,899	9557,82
648,309	9496,8
648,718	9532,96
649,128	9447,08
649,538	9365,73
649,948	9467,42
650,357	9523,92
650,767	9519,4
651,176	9806,4
651,586	9641,43
651,995	9697,92
652,404	9711,48
652,814	9645,95
653,223	9505,84
653,632	9483,24
654,041	9530,7
654,45	9388,33
654,859	9582,67
655,268	9521,66
655,677	9573,63
656,086	9910,35
656,495	9591,71
656,904	9600,75
657,312	9704,7
657,721	9539,74
658,13	9743,12
658,538	9548,78
658,947	9532,96
659,355	9571,37
659,764	9686,63
660,172	9666,29
660,58	9603,01
660,989	9677,59
661,397	9652,73
661,805	9476,46
662,213	9720,52
662,621	9833,51
663,029	9781,54
663,437	9801,88
663,845	9438,04
664,253	9616,57
664,661	9596,23
665,068	9790,58
665,476	9383,81
665,884	9774,76
666,291	9607,53
666,699	9668,55
667,106	9569,11
667,514	9555,56
667,921	9664,03
668,329	9695,66
668,736	9521,66
669,143	9736,34
669,55	9548,78
669,957	9632,39
670,364	9600,75
670,771	9562,33
671,178	9422,23
671,585	9840,29
671,992	9537,48
672,399	9537,48
672,806	9546,52
673,212	9639,17
673,619	9580,41
674,026	9740,86
674,432	9517,14
674,839	9679,85
675,245	9876,45
675,652	9575,89
676,058	9438,04
676,464	9636,91
676,87	9618,83
677,277	9623,35
677,683	9584,93
678,089	9514,88
678,495	9349,91
678,901	9397,37
679,307	9636,91
679,713	9449,34
680,118	9442,56
680,524	9609,79
680,93	9535,22
681,336	9580,41
681,741	9542
682,147	9569,11
682,552	9648,21
682,958	9704,7
683,363	9650,47
683,768	9503,58
684,174	9526,18
684,579	9410,93
684,984	9555,56
685,389	9593,97
685,794	9429,01
686,199	9508,1
686,604	9603,01
687,009	9316,01
687,414	9354,43
687,819	9632,39
688,224	9363,47
688,628	9600,75
689,033	9401,89
689,438	9499,06
689,842	9327,31
690,247	9284,38
690,651	9523,92
691,056	9413,19
691,46	9239,18
691,864	9426,75
692,268	9530,7
692,673	9517,14
693,077	9419,97
693,481	9264,04
693,885	9496,8
694,289	9327,31
694,693	9309,23
695,097	9580,41
695,5	9566,85
695,904	9408,67
696,308	9126,19
696,711	9356,69
697,115	8981,56
697,519	9354,43
697,922	9035,8
698,325	9121,67
698,729	9169,12
699,132	9234,66
699,535	9449,34
699,939	9422,23
700,342	9128,45
700,745	9083,25
701,148	9157,83
701,551	8988,34
701,954	9022,24
702,357	9065,17
702,76	9019,98
703,162	9085,51
703,565	9146,53
703,968	9209,8
704,371	9148,79
704,773	8893,43
705,176	9135,23
705,578	8990,6
705,98	9166,87
706,383	8891,17
706,785	8981,56
707,187	9178,16
707,59	9015,46
707,992	9142,01
708,394	9071,95
708,796	8943,14
709,198	8943,14
709,6	9019,98
710,002	8906,98
710,403	9142,01
710,805	8977,04
711,207	8848,23
711,609	9013,2
712,01	8796,25
712,412	8857,27
712,813	8816,59
713,215	8748,8
713,616	8961,22
714,017	8968
714,419	8726,2
714,82	8886,65
715,221	8852,75
715,622	8721,68
716,023	8644,84
716,424	8721,68
716,825	8940,88
717,226	8613,21
717,627	8464,06
718,028	8753,32
718,428	8624,51
718,829	8540,89
719,23	8809,81
719,63	8760,1
720,031	8586,09
720,431	8667,44
720,832	8608,69
721,232	8660,66
721,632	8464,06
722,033	8479,88
722,433	8619,99
722,833	8416,6
723,233	8552,19
723,633	8332,99
724,033	8556,71
724,433	8459,54
724,833	8344,29
725,233	8235,82
725,632	8486,66
726,032	8323,95
726,432	8493,44
726,831	8355,59
727,231	8301,35
727,63	8423,38
728,03	8473,1
728,429	8317,17
728,828	8443,72
729,228	8348,81
729,627	8409,82
730,026	8238,08
730,425	8195,14
730,824	8355,59
731,223	8384,96
731,622	8314,91
732,021	7971,42
732,42	8206,44
732,818	8276,49
733,217	8158,98
733,616	8249,38
734,014	8179,32
734,413	8213,22
734,811	8351,07
735,21	8267,45
735,608	8310,39
736,006	8308,13
736,405	8140,9
736,803	8204,18
737,201	8048,25
737,599	8210,96
737,997	8269,71
738,395	8136,38
738,793	8181,58
739,191	8032,43
739,589	8039,21
739,987	8055,03
740,384	8052,77
740,782	8100,23
741,179	8093,45
741,577	8032,43
741,975	8034,69
742,372	7978,2
742,769	8007,57
743,167	7912,66
743,564	7860,68
743,961	7994,01
744,358	7874,24
744,755	7756,73
745,152	7632,44
745,549	7869,72
745,946	7806,45
746,343	7964,64
746,74	7700,24
747,137	7903,62
747,533	7914,92
747,93	7808,71
748,327	7745,43
748,723	7901,36
749,12	7749,95
749,516	7795,15
749,912	7718,32
750,309	7668,6
750,705	7569,17
751,101	7652,78
751,497	7772,55
751,893	7652,78
752,289	7627,92
752,685	7530,75
753,081	7734,13
753,477	7652,78
753,873	7682,16
754,269	7727,35
754,664	7630,18
755,06	7600,8
755,456	7584,99
755,851	7508,15
756,247	7618,88
756,642	7424,54
757,037	7596,28
757,433	7639,22
757,828	7856,17
758,223	7695,72
758,618	7528,49
759,013	7675,38
759,408	7829,05
759,803	7862,94
760,198	7829,05
760,593	7817,75
760,988	7786,11
761,383	7905,88
761,777	7937,52
762,172	8012,09
762,566	8016,61
762,961	8118,31
763,355	8021,13
763,75	8118,31
764,144	7869,72
764,538	7953,34
764,933	7849,39
765,327	7639,22
765,721	7804,19
766,115	7677,64
766,509	7530,75
766,903	7496,85
767,297	7481,03
767,691	7539,79
768,084	7379,34
768,478	7239,23
768,872	7295,73
769,265	7325,11
769,659	7169,18
770,052	7128,5
770,446	7056,19
770,839	7076,52
771,232	7072
771,626	6979,35
772,019	6735,29
772,412	6911,56
772,805	6787,27
773,198	6681,05
773,591	6816,64
773,984	6703,65
774,377	6751,11
774,77	6753,37
775,162	6604,22
775,555	6538,69
775,948	6570,32
776,34	6629,08
776,733	6502,53
777,125	6473,15
777,518	6450,55
777,91	6414,4
778,302	6427,95
778,694	6294,62
779,087	6310,44
779,479	6330,78
779,871	6296,88
780,263	6317,22
780,655	6136,44
781,046	6375,98
781,438	6335,3
781,83	6303,66
782,222	6165,81
782,613	6088,98
783,005	6251,69
783,397	6168,07
783,788	6206,49
784,179	5953,39
784,571	6034,74
784,962	5883,34
785,353	5928,53
785,744	6023,44
786,136	5975,99
786,527	5840,4
786,918	5933,05
787,309	5826,84
787,699	5883,34
788,09	5761,3
788,481	5858,48
788,872	5797,46
789,262	5790,68
789,653	5863
790,044	5811,02
790,434	5664,13
790,824	5605,38
791,215	5612,16
791,605	5682,21
791,995	5801,98
792,386	5637,01
792,776	5655,09
793,166	5492,39
793,556	5564,7
793,946	5688,99
794,336	5557,92
794,726	5444,93
795,115	5411,03
795,505	5551,14
795,895	5370,35
796,284	5440,41
796,674	5451,71
797,063	5542,1
797,453	5309,34
797,842	5492,39
798,231	5250,58
798,621	5343,24
799,01	5160,19
799,399	5209,91
799,788	5214,43
800,177	5275,44
800,566	5268,66
800,955	5320,64
801,344	5144,37
801,733	5261,88
802,121	5185,05
802,51	5072,06
802,899	5047,2
803,287	5042,68
803,676	5124,03
804,064	5117,25
804,453	5060,76
804,841	5103,7
805,229	5069,8
805,617	5008,78
806,005	4965,85
806,394	5029,12
806,782	4952,29
807,17	4950,03
807,557	4900,31
807,945	4807,66
808,333	4859,63
808,721	5035,9
809,108	4981,66
809,496	4837,04
809,884	4764,72
810,271	4805,4
810,659	4730,82
811,046	4805,4
811,433	4884,49
811,82	4742,12
812,208	4739,86
812,595	4762,46
812,982	4715
813,369	4764,72
813,756	4644,95
814,143	4672,07
814,53	4559,08
814,916	4730,82
815,303	4599,75
815,69	4658,51
816,076	4622,35
816,463	4504,84
816,849	4565,86
817,236	4597,49
817,622	4400,89
818,008	4439,31
818,395	4418,97
818,781	4516,14
819,167	4470,94
819,553	4620,09
819,939	4409,93
820,325	4335,35
820,711	4405,41
821,097	4473,2
821,482	4342,13
821,868	4380,55
822,254	4244,96
822,639	4222,36
823,025	4285,64
823,41	4254
823,796	4113,89
824,181	4100,33
824,566	4156,83
824,952	4233,66
825,337	4211,06
825,722	4174,91
826,107	4150,05
826,492	4041,58
826,877	4061,91
827,262	4068,69
827,647	4055,14
828,031	4104,85
828,416	3987,34
828,801	4052,88
829,185	4070,95
829,57	3957,96
829,954	3903,73
830,338	3942,14
830,723	3876,61
831,107	3869,83
831,491	3878,87
831,875	3842,71
832,26	3856,27
832,644	3795,25
833,027	3919,55
833,411	3883,39
833,795	3957,96
834,179	3799,77
834,563	3793
834,946	3865,31
835,33	3765,88
835,714	3747,8
836,097	3686,78
836,48	3720,68
836,864	3750,06
837,247	3657,41
837,63	3643,85
838,013	3646,11
838,397	3618,99
838,78	3589,61
839,163	3607,69
839,546	3628,03
839,928	3600,91
840,311	3571,53
840,694	3528,6
841,077	3555,71
841,459	3573,79
841,842	3492,44
842,224	3420,12
842,607	3512,78
842,989	3557,97
843,372	3413,34
843,754	3499,22
844,136	3404,3
844,518	3325,21
844,9	3388,49
845,282	3377,19
845,664	3282,27
846,046	3406,56
846,428	3354,59
846,81	3289,05
847,191	3302,61
847,573	3275,49
847,955	3365,89
848,336	3246,12
848,718	3232,56
849,099	3241,6
849,48	3178,32
849,862	3130,87
850,243	3126,35
850,624	3250,64
851,005	3230,3
851,386	3223,52
851,767	3144,42
852,148	3153,46
852,529	3074,37
852,91	3065,33
853,291	3085,67
853,671	3069,85
854,052	3099,23
854,432	3060,81
854,813	3092,45
855,193	3108,27
855,574	2979,46
855,954	2832,57
856,334	2891,32
856,714	2920,7
857,094	2952,34
857,475	2981,72
857,854	2995,28
858,234	2870,99
858,614	2832,57
858,994	2850,65
859,374	2868,73
859,754	2895,84
860,133	2757,99
860,513	2977,2
860,892	2884,54
861,272	2785,11
861,651	2733,14
862,03	2730,88
862,41	2665,34
862,789	2755,73
863,168	2678,9
863,547	2694,72
863,926	2683,42
864,305	2669,86
864,684	2597,55
865,063	2633,7
865,441	2622,4
865,82	2620,14
866,199	2629,18
866,577	2554,61
866,956	2482,3
867,334	2484,55
867,713	2457,44
868,091	2568,17
868,469	2559,13
868,847	2473,26
869,225	2437,1
869,604	2498,11
869,982	2371,56
870,36	2355,74
870,737	2367,04
871,115	2373,82
871,493	2446,14
871,871	2443,88
872,248	2416,76
872,626	2425,8
873,003	2351,23
873,381	2394,16
873,758	2294,73
874,136	2394,16
874,513	2450,66
874,89	2471
875,267	2439,36
875,644	2450,66
876,021	2430,32
876,398	2475,52
876,775	2534,27
877,152	2473,26
877,529	2525,23
877,905	2527,49
878,282	2552,35
878,658	2694,72
879,035	2518,45
879,411	2640,48
879,788	2748,95
880,164	2744,44
880,54	2796,41
880,917	2715,06
881,293	2837,09
881,669	2902,62
882,045	2812,23
882,421	2776,07
882,797	2857,43
883,172	2821,27
883,548	2825,79
883,924	2696,98
884,299	2760,25
884,675	2764,77
885,051	2710,54
885,426	2678,9
885,801	2712,8
886,177	2694,72
886,552	2776,07
886,927	2692,46
887,302	2753,47
887,677	2536,53
888,052	2552,35
888,427	2554,61
888,802	2486,81
889,177	2400,94
889,552	2396,42
889,926	2385,12
890,301	2495,85
890,675	2306,03
891,05	2348,97
891,424	2342,19
891,799	2276,65
892,173	2152,36
892,547	2312,81
892,921	2222,41
893,295	2242,75
893,669	2202,08
894,043	2159,14
894,417	2023,55
894,791	2165,92
895,165	2041,63
895,539	2084,57
895,912	2066,49
896,286	1946,72
896,659	2055,19
897,033	1908,3
897,406	1829,2
897,78	1912,82
898,153	1964,79
898,526	1892,48
898,899	1890,22
899,272	1971,57
899,645	1802,09
900,018	1969,31
900,391	1865,36
900,764	1822,43
901,137	1671,02
901,51	1747,85
901,882	1666,5
902,255	1750,11
902,627	1738,81
903	1693,62
903,372	1779,49
903,744	1544,47
904,117	1634,86
904,489	1659,72
904,861	1612,26
905,233	1614,52
905,605	1591,92
905,977	1585,14
906,349	1589,66
906,721	1542,21
907,092	1558,03
907,464	1530,91
907,836	1551,25
908,207	1515,09
908,579	1582,88
908,95	1483,45
909,321	1469,89
909,693	1458,59
910,064	1417,92
910,435	1426,96
910,806	1431,48
911,177	1397,58
911,548	1558,03
911,919	1379,5
912,29	1417,92
912,661	1399,84
913,031	1417,92
913,402	1350,12
913,772	1318,48
914,143	1359,16
914,513	1359,16
914,884	1259,73
915,254	1336,56
915,624	1361,42
915,995	1307,18
916,365	1264,25
916,735	1255,21
917,105	1295,89
917,475	1268,77
917,844	1185,15
918,214	1293,63
918,584	1225,83
918,954	1291,37
919,323	1191,93
919,693	1173,85
920,062	1257,47
920,432	1203,23
920,801	1110,58
921,17	1097,02
921,54	1137,7
921,909	1130,92
922,278	1167,08
922,647	1103,8
923,016	1067,64
923,385	1133,18
923,753	1029,23
924,122	1112,84
924,491	1099,28
924,859	1067,64
925,228	1026,97
925,596	1126,4
925,965	1017,93
926,333	1106,06
926,702	1020,19
927,07	1017,93
927,438	1024,71
927,806	990,81
928,174	972,73
928,542	1022,45
928,91	963,69
929,278	1015,67
929,646	913,97
930,013	929,79
930,381	875,56
930,748	913,97
931,116	941,09
931,483	871,04
931,851	873,3
932,218	902,68
932,585	839,4
932,953	830,36
933,32	859,74
933,687	821,32
934,054	789,68
934,421	771,61
934,787	771,61
935,154	773,87
935,521	789,68
935,888	751,27
936,254	692,51
936,621	651,83
936,987	708,33
937,354	672,17
937,72	660,87
938,086	636,02
938,452	645,06
938,818	590,82
939,184	615,68
939,55	606,64
939,916	584,04
940,282	581,78
940,648	572,74
941,014	586,3
941,379	541,1
941,745	626,98
942,111	507,21
942,476	602,12
942,841	570,48
943,207	486,87
943,572	581,78
943,937	529,8
944,302	552,4
944,667	572,74
945,032	502,69
945,397	471,05
945,762	529,8
946,127	550,14
946,492	523,02
946,856	561,44
947,221	561,44
947,585	504,95
947,95	516,25
948,314	536,58
948,679	484,61
949,043	536,58
949,407	511,73
949,771	529,8
950,135	491,39
950,499	466,53
950,863	541,1
951,227	516,25
951,591	507,21
951,955	565,96
952,318	498,17
952,682	527,54
953,045	518,5
953,409	525,28
953,772	547,88
954,136	495,91
954,499	502,69
954,862	511,73
955,225	502,69
955,588	500,43
955,951	523,02
956,314	509,47
956,677	389,69
957,04	511,73
957,403	495,91
957,765	477,83
958,128	498,17
958,49	477,83
958,853	534,32
959,215	428,11
959,577	468,79
959,94	498,17
960,302	473,31
960,664	457,49
961,026	495,91
961,388	462,01
961,75	477,83
962,112	452,97
962,474	407,77
962,835	462,01
963,197	475,57
963,559	412,29
963,92	425,85
964,282	486,87
964,643	423,59
965,004	437,15
965,365	439,41
965,727	491,39
966,088	468,79
966,449	507,21
966,81	455,23
967,171	400,99
967,532	430,37
967,892	473,31
968,253	407,77
968,614	471,05
968,974	446,19
969,335	389,69
969,695	452,97
970,055	491,39
970,416	412,29
970,776	434,89
971,136	396,47
971,496	371,62
971,856	398,73
972,216	391,95
972,576	394,21
972,936	448,45
973,296	371,62
973,655	421,33
974,015	407,77
974,374	430,37
974,734	394,21
975,093	394,21
975,453	369,36
975,812	428,11
976,171	396,47
976,53	462,01
976,889	400,99
977,248	373,88
977,607	358,06
977,966	412,29
978,325	400,99
978,684	459,75
979,042	403,25
979,401	382,92
979,759	400,99
980,118	342,24
980,476	351,28
980,835	369,36
981,193	380,66
981,551	437,15
981,909	405,51
982,267	346,76
982,625	355,8
982,983	400,99
983,341	398,73
983,699	439,41
984,056	430,37
984,414	364,84
984,772	369,36
985,129	380,66
985,487	382,92
985,844	373,88
986,201	285,74
986,558	371,62
986,916	360,32
987,273	364,84
987,63	335,46
987,987	376,14
988,343	382,92
988,7	335,46
989,057	344,5
989,414	317,38
989,77	308,34
990,127	414,55
990,483	405,51
990,84	396,47
991,196	419,07
991,552	337,72
991,908	330,94
992,265	398,73
992,621	324,16
992,977	378,4
993,332	288
993,688	455,23
994,044	367,1
994,4	299,3
994,755	303,82
995,111	382,92
995,466	330,94
995,822	382,92
996,177	419,07
996,533	382,92
996,888	364,84
997,243	376,14
997,598	310,6
997,953	378,4
998,308	382,92
998,663	321,9
999,018	387,43
999,372	344,5
999,727	306,08
1000,082	423,59
1000,436	346,76
1000,79	312,86
1001,145	335,46
1001,499	346,76
1001,853	358,06
1002,208	317,38
1002,562	330,94
1002,916	371,62
1003,27	301,56
1003,624	425,85
1003,977	353,54
1004,331	337,72
1004,685	353,54
1005,038	373,88
1005,392	367,1
1005,745	362,58
1006,099	385,18
1006,452	303,82
1006,805	337,72
1007,159	380,66
1007,512	369,36
1007,865	319,64
1008,218	297,04
1008,571	346,76
1008,924	321,9
1009,276	288
1009,629	344,5
1009,982	335,46
1010,334	276,7
1010,687	362,58
1011,039	308,34
1011,392	328,68
1011,744	310,6
1012,096	335,46
1012,448	358,06
1012,8	308,34
1013,152	337,72
1013,504	276,7
1013,856	326,42
1014,208	351,28
1014,56	283,48
1014,911	303,82
1015,263	371,62
1015,614	333,2
1015,966	335,46
1016,317	391,95
1016,668	358,06
1017,02	297,04
1017,371	294,78
1017,722	301,56
1018,073	351,28
1018,424	337,72
1018,775	315,12
1019,126	269,92
1019,476	382,92
1019,827	312,86
1020,177	288
1020,528	301,56
1020,878	362,58
1021,229	299,3
1021,579	353,54
1021,929	351,28
1022,28	333,2
1022,63	308,34
1022,98	324,16
1023,33	285,74
1023,68	247,33
1024,029	247,33
1024,379	247,33
