188,831	-18,2
189,284	-18,2
189,736	-18,2
190,189	-22,72
190,641	-40,8
191,093	-11,42
191,546	-36,28
191,998	-13,68
192,45	-70,18
192,902	-36,28
193,355	-11,42
193,807	-13,68
194,259	40,55
194,711	58,63
195,163	-18,2
195,615	63,15
196,067	83,49
196,519	83,49
196,971	142,24
197,423	194,22
197,875	153,54
198,327	117,39
198,779	149,02
199,231	252,98
199,682	302,69
200,134	257,49
200,586	284,61
201,038	248,46
201,489	295,91
201,941	298,17
202,393	241,68
202,844	266,53
203,296	309,47
203,747	329,81
204,199	300,43
204,65	320,77
205,102	379,53
205,553	332,07
206,004	338,85
206,456	343,37
206,907	370,49
207,358	386,3
207,809	300,43
208,261	354,67
208,712	413,42
209,163	329,81
209,614	320,77
210,065	363,71
210,516	352,41
210,967	336,59
211,418	316,25
211,869	309,47
212,32	411,16
212,771	370,49
213,222	318,51
213,673	377,27
214,124	295,91
214,575	320,77
215,025	397,6
215,476	356,93
215,927	304,95
216,377	411,16
216,828	304,95
217,279	320,77
217,729	311,73
218,18	334,33
218,63	275,57
219,081	323,03
219,531	341,11
219,982	307,21
220,432	284,61
220,882	221,34
221,333	284,61
221,783	332,07
222,233	372,75
222,684	343,37
223,134	350,15
223,584	264,27
224,034	334,33
224,484	318,51
224,934	271,05
225,384	307,21
225,834	345,63
226,284	386,3
226,734	343,37
227,184	316,25
227,634	325,29
228,084	298,17
228,534	309,47
228,984	291,39
229,433	350,15
229,883	289,13
230,333	327,55
230,783	318,51
231,232	291,39
231,682	325,29
232,131	266,53
232,581	323,03
233,03	320,77
233,48	368,23
233,929	332,07
234,379	277,83
234,828	309,47
235,278	327,55
235,727	316,25
236,176	388,56
236,625	343,37
237,075	395,34
237,524	336,59
237,973	370,49
238,422	341,11
238,871	332,07
239,32	302,69
239,769	304,95
240,218	304,95
240,667	363,71
241,116	329,81
241,565	384,05
242,014	375,01
242,463	338,85
242,912	302,69
243,361	273,31
243,809	343,37
244,258	304,95
244,707	293,65
245,156	386,3
245,604	293,65
246,053	359,19
246,501	332,07
246,95	359,19
247,398	307,21
247,847	408,9
248,295	345,63
248,744	370,49
249,192	284,61
249,64	300,43
250,089	316,25
250,537	329,81
250,985	309,47
251,433	329,81
251,882	313,99
252,33	230,38
252,778	361,45
253,226	336,59
253,674	334,33
254,122	327,55
254,57	307,21
255,018	325,29
255,466	302,69
255,914	316,25
256,362	329,81
256,81	313,99
257,257	345,63
257,705	300,43
258,153	313,99
258,601	393,08
259,048	318,51
259,496	395,34
259,943	341,11
260,391	420,2
260,838	350,15
261,286	295,91
261,733	386,3
262,181	307,21
262,628	336,59
263,076	359,19
263,523	307,21
263,97	370,49
264,418	347,89
264,865	309,47
265,312	316,25
265,759	286,87
266,206	361,45
266,653	347,89
267,101	311,73
267,548	327,55
267,995	259,75
268,442	295,91
268,888	379,53
269,335	309,47
269,782	325,29
270,229	316,25
270,676	275,57
271,123	323,03
271,569	356,93
272,016	388,56
272,463	341,11
272,909	336,59
273,356	332,07
273,803	325,29
274,249	295,91
274,696	327,55
275,142	300,43
275,589	356,93
276,035	359,19
276,481	309,47
276,928	313,99
277,374	320,77
277,82	318,51
278,267	372,75
278,713	363,71
279,159	375,01
279,605	323,03
280,051	334,33
280,497	307,21
280,943	280,09
281,389	243,94
281,835	368,23
282,281	307,21
282,727	300,43
283,173	415,68
283,619	327,55
284,065	320,77
284,51	309,47
284,956	336,59
285,402	307,21
285,848	370,49
286,293	320,77
286,739	381,79
287,184	338,85
287,63	338,85
288,075	266,53
288,521	311,73
288,966	338,85
289,412	352,41
289,857	302,69
290,302	313,99
290,748	295,91
291,193	341,11
291,638	345,63
292,083	286,87
292,529	293,65
292,974	275,57
293,419	363,71
293,864	384,05
294,309	311,73
294,754	289,13
295,199	359,19
295,644	318,51
296,089	356,93
296,533	255,23
296,978	318,51
297,423	311,73
297,868	361,45
298,313	275,57
298,757	320,77
299,202	295,91
299,647	361,45
300,091	327,55
300,536	313,99
300,98	311,73
301,425	352,41
301,869	347,89
302,313	327,55
302,758	338,85
303,202	379,53
303,646	341,11
304,091	354,67
304,535	300,43
304,979	327,55
305,423	327,55
305,867	307,21
306,312	388,56
306,756	341,11
307,2	370,49
307,644	234,9
308,088	304,95
308,532	365,97
308,975	284,61
309,419	345,63
309,863	264,27
310,307	304,95
310,751	316,25
311,194	350,15
311,638	336,59
312,082	341,11
312,525	280,09
312,969	332,07
313,412	372,75
313,856	318,51
314,299	406,64
314,743	388,56
315,186	345,63
315,629	325,29
316,073	345,63
316,516	323,03
316,959	354,67
317,403	318,51
317,846	295,91
318,289	304,95
318,732	359,19
319,175	320,77
319,618	356,93
320,061	372,75
320,504	262,01
320,947	323,03
321,39	336,59
321,833	313,99
322,276	361,45
322,718	334,33
323,161	300,43
323,604	313,99
324,047	361,45
324,489	350,15
324,932	338,85
325,374	341,11
325,817	257,49
326,26	345,63
326,702	318,51
327,144	320,77
327,587	388,56
328,029	341,11
328,472	345,63
328,914	332,07
329,356	320,77
329,798	397,6
330,24	293,65
330,683	365,97
331,125	343,37
331,567	327,55
332,009	309,47
332,451	259,75
332,893	341,11
333,335	318,51
333,777	379,53
334,219	334,33
334,66	370,49
335,102	336,59
335,544	318,51
335,986	363,71
336,427	295,91
336,869	307,21
337,311	336,59
337,752	370,49
338,194	352,41
338,635	343,37
339,077	318,51
339,518	323,03
339,96	325,29
340,401	368,23
340,842	388,56
341,283	313,99
341,725	384,05
342,166	350,15
342,607	316,25
343,048	286,87
343,489	379,53
343,93	379,53
344,371	361,45
344,812	363,71
345,253	313,99
345,694	318,51
346,135	316,25
346,576	363,71
347,017	311,73
347,458	370,49
347,898	318,51
348,339	300,43
348,78	368,23
349,22	356,93
349,661	295,91
350,102	338,85
350,542	325,29
350,983	293,65
351,423	345,63
351,863	336,59
352,304	356,93
352,744	347,89
353,184	354,67
353,625	350,15
354,065	368,23
354,505	377,27
354,945	318,51
355,385	318,51
355,825	359,19
356,265	352,41
356,705	291,39
357,145	320,77
357,585	284,61
358,025	336,59
358,465	393,08
358,905	354,67
359,345	307,21
359,784	341,11
360,224	402,12
360,664	318,51
361,103	336,59
361,543	329,81
361,983	343,37
362,422	381,79
362,862	304,95
363,301	327,55
363,74	293,65
364,18	417,94
364,619	365,97
365,058	361,45
365,498	345,63
365,937	359,19
366,376	384,05
366,815	354,67
367,254	365,97
367,693	379,53
368,132	271,05
368,571	368,23
369,01	298,17
369,449	320,77
369,888	368,23
370,327	474,44
370,766	341,11
371,205	338,85
371,643	352,41
372,082	356,93
372,521	341,11
372,959	345,63
373,398	338,85
373,836	316,25
374,275	368,23
374,713	375,01
375,152	302,69
375,59	375,01
376,028	334,33
376,467	298,17
376,905	320,77
377,343	456,36
377,782	323,03
378,22	399,86
378,658	375,01
379,096	350,15
379,534	420,2
379,972	393,08
380,41	395,34
380,848	411,16
381,286	433,76
381,724	271,05
382,161	365,97
382,599	458,62
383,037	370,49
383,475	304,95
383,912	345,63
384,35	408,9
384,787	361,45
385,225	411,16
385,663	370,49
386,1	399,86
386,537	343,37
386,975	417,94
387,412	379,53
387,85	386,3
388,287	393,08
388,724	390,82
389,161	404,38
389,598	388,56
390,036	352,41
390,473	404,38
390,91	438,28
391,347	465,4
391,784	370,49
392,221	381,79
392,657	347,89
393,094	368,23
393,531	411,16
393,968	356,93
394,405	413,42
394,841	411,16
395,278	408,9
395,715	359,19
396,151	436,02
396,588	379,53
397,024	347,89
397,461	684,6
397,897	436,02
398,334	390,82
398,77	393,08
399,206	359,19
399,642	404,38
400,079	395,34
400,515	345,63
400,951	404,38
401,387	408,9
401,823	397,6
402,259	388,56
402,695	365,97
403,131	365,97
403,567	438,28
404,003	393,08
404,439	368,23
404,875	356,93
405,31	442,8
405,746	399,86
406,182	463,14
406,618	440,54
407,053	327,55
407,489	354,67
407,924	465,4
408,36	402,12
408,795	438,28
409,231	449,58
409,666	408,9
410,101	411,16
410,537	436,02
410,972	381,79
411,407	415,68
411,842	384,05
412,277	442,8
412,712	417,94
413,147	390,82
413,582	372,75
414,017	431,5
414,452	445,06
414,887	402,12
415,322	469,92
415,757	458,62
416,192	377,27
416,626	368,23
417,061	499,3
417,496	424,72
417,93	402,12
418,365	510,6
418,799	436,02
419,234	447,32
419,668	463,14
420,103	390,82
420,537	440,54
420,972	406,64
421,406	381,79
421,84	447,32
422,274	465,4
422,708	445,06
423,143	433,76
423,577	424,72
424,011	438,28
424,445	515,12
424,879	483,48
425,313	449,58
425,747	397,6
426,18	431,5
426,614	422,46
427,048	469,92
427,482	451,84
427,915	422,46
428,349	463,14
428,783	363,71
429,216	454,1
429,65	431,5
430,083	433,76
430,517	474,44
430,95	485,74
431,383	481,22
431,817	483,48
432,25	449,58
432,683	451,84
433,117	503,82
433,55	488
433,983	460,88
434,416	483,48
434,849	526,41
435,282	469,92
435,715	433,76
436,148	481,22
436,581	447,32
437,014	576,13
437,446	449,58
437,879	497,04
438,312	436,02
438,744	492,52
439,177	494,78
439,61	472,18
440,042	465,4
440,475	492,52
440,907	445,06
441,34	494,78
441,772	426,98
442,204	492,52
442,637	474,44
443,069	494,78
443,501	524,15
443,933	503,82
444,366	460,88
444,798	485,74
445,23	488
445,662	521,89
446,094	521,89
446,526	524,15
446,958	490,26
447,389	562,57
447,821	533,19
448,253	535,45
448,685	490,26
449,116	449,58
449,548	478,96
449,98	510,6
450,411	544,49
450,843	567,09
451,274	521,89
451,706	521,89
452,137	564,83
452,568	503,82
453	612,29
453,431	512,86
453,862	571,61
454,293	598,73
454,725	549,01
455,156	519,63
455,587	578,39
456,018	544,49
456,449	533,19
456,88	542,23
457,311	546,75
457,741	526,41
458,172	560,31
458,603	485,74
459,034	596,47
459,464	576,13
459,895	551,27
460,326	501,56
460,756	634,89
461,187	569,35
461,617	598,73
462,048	607,77
462,478	560,31
462,908	634,89
463,339	567,09
463,769	558,05
464,199	616,81
464,629	671,04
465,06	567,09
465,49	519,63
465,92	619,07
466,35	576,13
466,78	603,25
467,21	603,25
467,64	623,59
468,069	612,29
468,499	605,51
468,929	659,74
469,359	643,93
469,788	598,73
470,218	569,35
470,648	662
471,077	682,34
471,507	664,26
471,936	741,1
472,366	664,26
472,795	655,22
473,224	664,26
473,654	727,54
474,083	727,54
474,512	662
474,941	675,56
475,37	643,93
475,799	777,26
476,228	770,48
476,657	750,14
477,086	704,94
477,515	820,19
477,944	727,54
478,373	765,96
478,802	793,07
479,231	747,88
479,659	770,48
480,088	786,29
480,516	838,27
480,945	856,35
481,374	863,13
481,802	887,99
482,231	799,85
482,659	831,49
483,087	802,11
483,516	833,75
483,944	906,07
484,372	802,11
484,8	842,79
485,228	824,71
485,657	933,18
486,085	953,52
486,513	971,6
486,941	960,3
487,368	885,73
487,796	942,22
488,224	1064,25
488,652	962,56
489,08	998,72
489,507	980,64
489,935	976,12
490,363	944,48
490,79	917,36
491,218	1048,43
491,645	1019,06
492,073	942,22
492,5	989,68
492,928	994,2
493,355	1021,32
493,782	969,34
494,209	1055,21
494,637	1016,8
495,064	1023,58
495,491	1052,95
495,918	1129,79
496,345	1059,73
496,772	1059,73
497,199	1073,29
497,626	1116,23
498,053	1077,81
498,479	1048,43
498,906	960,3
499,333	1193,06
499,759	1245,04
500,186	1116,23
500,613	1188,54
501,039	1165,95
501,466	1132,05
501,892	1093,63
502,319	1174,98
502,745	1147,87
503,171	1145,61
503,597	1211,14
504,024	1206,62
504,45	1152,39
504,876	1172,72
505,302	1236
505,728	1247,3
506,154	1206,62
506,58	1213,4
507,006	1256,34
507,432	1172,72
507,858	1240,52
508,284	1208,88
508,709	1269,9
509,135	1222,44
509,561	1256,34
509,986	1310,57
510,412	1283,46
510,837	1233,74
511,263	1206,62
511,688	1324,13
512,114	1263,12
512,539	1328,65
512,964	1301,54
513,39	1283,46
513,815	1233,74
514,24	1269,9
514,665	1256,34
515,09	1272,16
515,515	1290,24
515,94	1285,72
516,365	1258,6
516,79	1407,75
517,215	1380,63
517,64	1364,81
518,064	1369,33
518,489	1407,75
518,914	1301,54
519,338	1398,71
519,763	1414,53
520,188	1425,83
520,612	1425,83
521,037	1369,33
521,461	1380,63
521,885	1443,9
522,31	1486,84
522,734	1425,83
523,158	1430,35
523,582	1475,54
524,006	1459,72
524,431	1498,14
524,855	1529,78
525,279	1455,2
525,703	1457,46
526,126	1464,24
526,55	1455,2
526,974	1484,58
527,398	1541,08
527,822	1432,61
528,245	1513,96
528,669	1527,52
529,093	1538,82
529,516	1509,44
529,94	1446,16
530,363	1554,64
530,786	1586,27
531,21	1554,64
531,633	1493,62
532,056	1550,12
532,48	1509,44
532,903	1559,16
533,326	1572,71
533,749	1554,64
534,172	1579,49
534,595	1593,05
535,018	1554,64
535,441	1667,63
535,864	1545,6
536,287	1654,07
536,71	1642,77
537,132	1667,63
537,555	1633,73
537,978	1635,99
538,4	1584,01
538,823	1622,43
539,245	1626,95
539,668	1683,45
540,09	1620,17
540,513	1645,03
540,935	1645,03
541,357	1681,19
541,779	1746,72
542,202	1767,06
542,624	1672,15
543,046	1737,68
543,468	1715,08
543,89	1624,69
544,312	1767,06
544,734	1742,2
545,156	1626,95
545,577	1762,54
545,999	1755,76
546,421	1794,18
546,843	1816,78
547,264	1778,36
547,686	1796,44
548,107	1730,9
548,529	1848,41
548,95	1787,4
549,372	1791,92
549,793	1742,2
550,214	1832,59
550,636	1728,64
551,057	1846,15
551,478	1782,88
551,899	1873,27
552,32	1843,89
552,741	1816,78
553,162	1823,56
553,583	1791,92
554,004	1936,55
554,425	1825,82
554,846	1864,23
555,267	1911,69
555,687	1850,67
556,108	1916,21
556,529	1995,3
556,949	1782,88
557,37	1889,09
557,79	1877,79
558,211	1952,37
558,631	1898,13
559,051	1902,65
559,472	1929,77
559,892	1941,07
560,312	1920,73
560,732	1893,61
561,152	2017,9
561,572	1932,03
561,992	1965,92
562,412	1995,3
562,832	1999,82
563,252	1988,52
563,672	2074,4
564,092	2063,1
564,512	1965,92
564,931	1936,55
565,351	2047,28
565,77	2029,2
566,19	1999,82
566,609	2033,72
567,029	2022,42
567,448	2067,62
567,868	2051,8
568,287	2112,81
568,706	2020,16
569,125	1997,56
569,545	2067,62
569,964	2216,77
570,383	2221,28
570,802	2173,83
571,221	2194,17
571,64	2155,75
572,059	2182,87
572,478	2164,79
572,896	2119,59
573,315	2196,43
573,734	2189,65
574,152	2160,27
574,571	2338,8
574,99	2241,62
575,408	2404,33
575,827	2187,39
576,245	2291,34
576,663	2322,98
577,082	2386,25
577,5	2304,9
577,918	2363,65
578,336	2334,28
578,754	2393,03
579,172	2377,21
579,591	2406,59
580,009	2334,28
580,426	2354,61
580,844	2350,1
581,262	2320,72
581,68	2338,8
582,098	2431,45
582,515	2356,87
582,933	2350,1
583,351	2266,48
583,768	2449,53
584,186	2417,89
584,603	2487,94
585,021	2408,85
585,438	2402,07
585,855	2377,21
586,273	2408,85
586,69	2519,58
587,107	2404,33
587,524	2442,75
587,941	2533,14
588,358	2435,97
588,775	2551,22
589,192	2454,05
589,609	2560,26
590,026	2578,34
590,443	2582,86
590,859	2661,95
591,276	2711,67
591,693	2677,77
592,109	2752,34
592,526	2661,95
592,942	2729,75
593,359	2632,57
593,775	2790,76
594,192	2817,88
594,608	2772,68
595,024	2745,56
595,44	2734,27
595,856	2849,52
596,273	2815,62
596,689	2752,34
597,105	2788,5
597,521	2842,74
597,937	2786,24
598,352	2752,34
598,768	2847,26
599,184	2793,02
599,6	2856,3
600,015	2924,09
600,431	2842,74
600,847	2840,48
601,262	2817,88
601,678	2840,48
602,093	2885,67
602,508	2874,38
602,924	2883,41
603,339	2906,01
603,754	2838,22
604,169	2960,25
604,585	2896,97
605	2788,5
605,415	2788,5
605,83	2835,96
606,245	2865,34
606,66	2858,56
607,074	2829,18
607,489	2817,88
607,904	2854,04
608,319	2774,94
608,733	2756,86
609,148	2826,92
609,563	2847,26
609,977	2831,44
610,391	2838,22
610,806	2881,15
611,22	2826,92
611,635	2953,47
612,049	2770,42
612,463	2892,45
612,877	2858,56
613,291	2908,27
613,705	2833,7
614,119	2858,56
614,533	2894,71
614,947	2942,17
615,361	2924,09
615,775	3034,82
616,189	2876,63
616,602	3009,96
617,016	3012,22
617,43	2881,15
617,843	3023,52
618,257	2960,25
618,67	2996,41
619,084	2926,35
619,497	2991,89
619,91	3012,22
620,324	3014,48
620,737	3100,36
621,15	2982,85
621,563	2978,33
621,976	3064,2
622,389	3089,06
622,802	3012,22
623,215	3030,3
623,628	3084,54
624,041	3032,56
624,454	3009,96
624,866	3073,24
625,279	3059,68
625,692	3077,76
626,104	3193,01
626,517	3109,4
626,929	3145,55
627,342	3080,02
627,754	3091,32
628,166	3113,92
628,579	3172,67
628,991	3084,54
629,403	3086,8
629,815	3104,88
630,227	3141,03
630,639	3134,26
631,051	3308,26
631,463	3244,99
631,875	3132
632,287	3276,62
632,699	3213,35
633,11	3272,1
633,522	3278,88
633,934	3290,18
634,345	3136,52
634,757	3330,86
635,168	3251,77
635,58	3170,41
635,991	3326,34
636,402	3215,61
636,814	3285,66
637,225	3274,36
637,636	3319,56
638,047	3333,12
638,458	3337,64
638,869	3265,33
639,28	3396,4
639,691	3367,02
640,102	3493,57
640,513	3434,81
640,924	3527,47
641,334	3387,36
641,745	3394,14
642,155	3437,07
642,566	3500,35
642,977	3328,6
643,387	3446,11
643,797	3563,62
644,208	3559,1
644,618	3541,02
645,028	3520,69
645,439	3588,48
645,849	3583,96
646,259	3468,71
646,669	3565,88
647,079	3527,47
647,489	3495,83
647,899	3561,36
648,309	3484,53
648,718	3595,26
649,128	3572,66
649,538	3586,22
649,948	3620,12
650,357	3712,77
650,767	3617,86
651,176	3583,96
651,586	3701,47
651,995	3660,8
652,404	3760,23
652,814	3556,84
653,223	3721,81
653,632	3721,81
654,041	3692,43
654,45	3751,19
654,859	3672,09
655,268	3846,1
655,677	3893,56
656,086	3848,36
656,495	3974,91
656,904	3789,61
657,312	3751,19
657,721	3660,8
658,13	3794,12
658,538	3956,83
658,947	3898,08
659,355	3735,37
659,764	3981,69
660,172	3841,58
660,58	3922,94
660,989	3900,34
661,397	3936,49
661,805	3837,06
662,213	3846,1
662,621	3945,53
663,029	3954,57
663,437	3954,57
663,845	3927,45
664,253	4054,01
664,661	3959,09
665,068	4038,19
665,476	4042,71
665,884	3916,16
666,291	3999,77
666,699	3992,99
667,106	3981,69
667,514	3963,61
667,921	4051,75
668,329	4103,72
668,736	4020,11
669,143	4094,68
669,55	4103,72
669,957	4108,24
670,364	4054,01
670,771	4072,08
671,178	4194,11
671,585	4087,9
671,992	4221,23
672,399	4126,32
672,806	4282,25
673,212	4124,06
673,619	4250,61
674,026	4176,04
674,432	4318,4
674,839	4239,31
675,245	4164,74
675,652	4284,51
676,058	4167
676,464	4144,4
676,87	4463,03
677,277	4241,57
677,683	4329,7
678,089	4381,68
678,495	4257,39
678,901	4374,9
679,307	4325,18
679,713	4341
680,118	4316,15
680,524	4318,4
680,93	4331,96
681,336	4322,92
681,741	4261,91
682,147	4467,55
682,552	4359,08
682,958	4390,72
683,363	4485,63
683,768	4313,89
684,174	4472,07
684,579	4472,07
684,984	4569,25
685,389	4539,87
685,794	4415,58
686,199	4519,53
686,604	4487,89
687,009	4537,61
687,414	4582,8
687,819	4539,87
688,224	4433,66
688,628	4578,29
689,033	4519,53
689,438	4542,13
689,842	4551,17
690,247	4641,56
690,651	4528,57
691,056	4659,64
691,46	4460,77
691,864	4666,42
692,268	4659,64
692,673	4684,5
693,077	4686,76
693,481	4709,36
693,885	4720,65
694,289	4634,78
694,693	4618,96
695,097	4750,03
695,5	4628
695,904	4659,64
696,308	4799,75
696,711	4675,46
697,115	4704,84
697,519	4804,27
697,922	4718,39
698,325	4815,57
698,729	4682,24
699,132	4811,05
699,535	4578,29
699,939	4887,88
700,342	4745,51
700,745	4804,27
701,148	4777,15
701,551	4842,68
701,954	4824,61
702,357	4772,63
702,76	4763,59
703,162	4915
703,565	4842,68
703,968	4937,6
704,371	5009,91
704,773	4890,14
705,176	5037,03
705,578	4957,94
705,98	4822,35
706,383	5043,81
706,785	5023,47
707,187	4966,98
707,59	5046,07
707,992	5109,34
708,394	4987,31
708,796	4924,04
709,198	4858,5
709,6	4957,94
710,002	4960,2
710,403	5140,98
710,805	4994,09
711,207	5118,38
711,609	5120,64
712,01	5025,73
712,412	4953,42
712,813	5007,65
713,215	5041,55
713,616	5009,91
714,017	5120,64
714,419	5199,74
714,82	5150,02
715,221	5222,34
715,622	5118,38
716,023	5093,53
716,424	5238,15
716,825	5215,56
717,226	5061,89
717,627	5154,54
718,028	5260,75
718,428	5057,37
718,829	5378,26
719,23	5039,29
719,63	5165,84
720,031	5111,6
720,431	5086,75
720,832	5197,48
721,232	5251,71
721,632	5150,02
722,033	5181,66
722,433	5138,72
722,833	5208,78
723,233	5183,92
723,633	5202
724,033	5204,26
724,433	5238,15
724,833	5274,31
725,233	5079,97
725,632	5247,19
726,032	5111,6
726,432	5290,13
726,831	5136,46
727,231	5188,44
727,63	5337,59
728,03	5421,2
728,429	5274,31
728,828	5274,31
729,228	5378,26
729,627	5477,7
730,026	5572,61
730,425	5274,31
730,824	5376
731,223	5376
731,622	5366,96
732,021	5364,71
732,42	5405,38
732,818	5446,06
733,217	5450,58
733,616	5538,71
734,014	5400,86
734,413	5504,81
734,811	5427,98
735,21	5439,28
735,608	5552,27
736,006	5626,85
736,405	5536,45
736,803	5455,1
737,201	5500,29
737,599	5498,03
737,997	5412,16
738,395	5468,66
738,793	5611,03
739,191	5660,74
739,589	5554,53
739,987	5672,04
740,384	5669,78
740,782	5518,37
741,179	5653,96
741,577	5452,84
741,975	5525,15
742,372	5678,82
742,769	5674,3
743,167	5608,77
743,564	5649,44
743,961	5683,34
744,358	5762,43
744,755	5762,43
745,152	5608,77
745,549	5649,44
745,946	5579,39
746,343	5798,59
746,74	5757,92
747,137	5742,1
747,533	5604,25
747,93	5701,42
748,327	5782,77
748,723	5775,99
749,12	5592,95
749,516	5644,92
749,912	5873,17
750,309	5875,43
750,705	5965,82
751,101	5794,07
751,497	5547,75
751,893	5653,96
752,289	5775,99
752,685	5812,15
753,081	5891,24
753,477	5717,24
753,873	5667,52
754,269	5875,43
754,664	5839,27
755,06	5739,84
755,456	5647,18
755,851	5832,49
756,247	5710,46
756,642	5945,48
757,037	5710,46
757,433	5968,08
757,828	5925,14
758,223	6017,8
758,618	5983,9
759,013	5879,95
759,408	6069,77
759,803	6377,11
760,198	6171,46
760,593	6223,44
760,988	6264,12
761,383	6295,75
761,777	6397,45
762,172	6496,88
762,566	6548,85
762,961	6401,97
763,355	6307,05
763,75	6340,95
764,144	6311,57
764,538	6465,24
764,933	6356,77
765,327	6526,26
765,721	6472,02
766,115	6383,89
766,509	6368,07
766,903	6221,18
767,297	6286,71
767,691	6092,37
768,084	6223,44
768,478	6001,98
768,872	6103,67
769,265	6151,13
769,659	6056,21
770,052	5977,12
770,446	6062,99
770,839	5841,53
771,232	5954,52
771,626	5974,86
772,019	5956,78
772,412	6051,69
772,805	5950
773,198	5918,36
773,591	6074,29
773,984	6044,91
774,377	5794,07
774,77	5902,54
775,162	5852,83
775,555	5778,25
775,948	5830,23
776,34	5694,64
776,733	5606,51
777,125	5796,33
777,518	5669,78
777,91	5753,4
778,302	5685,6
778,694	5705,94
779,087	5821,19
779,479	5678,82
779,871	5626,85
780,263	5773,73
780,655	5701,42
781,046	5608,77
781,438	5651,7
781,83	5597,47
782,222	5656,22
782,613	5714,98
783,005	5760,17
783,397	5726,28
783,788	5574,87
784,179	5550,01
784,571	5739,84
784,962	5583,91
785,353	5450,58
785,744	5495,78
786,136	5683,34
786,527	5762,43
786,918	5572,61
787,309	5561,31
787,699	5660,74
788,09	5479,96
788,481	5432,5
788,872	5547,75
789,262	5622,33
789,653	5543,23
790,044	5583,91
790,434	5437,02
790,824	5773,73
791,215	5466,4
791,605	5565,83
791,995	5620,07
792,386	5592,95
792,776	5592,95
793,166	5561,31
793,556	5588,43
793,946	5622,33
794,336	5439,28
794,726	5414,42
795,115	5665,26
795,505	5394,08
795,895	5556,79
796,284	5346,63
796,674	5552,27
797,063	5382,78
797,453	5353,41
797,842	5520,63
798,231	5407,64
798,621	5475,44
799,01	5382,78
799,399	5355,67
799,788	5294,65
800,177	5432,5
800,566	5423,46
800,955	5500,29
801,344	5391,82
801,733	5459,62
802,121	5448,32
802,51	5520,63
802,899	5229,12
803,287	5369,22
803,676	5409,9
804,064	5423,46
804,453	5337,59
804,841	5328,55
805,229	5391,82
805,617	5312,73
806,005	5276,57
806,394	5400,86
806,782	5339,85
807,17	5301,43
807,557	5231,38
807,945	5269,79
808,333	5251,71
808,721	5283,35
809,108	5314,99
809,496	5247,19
809,884	5346,63
810,271	5326,29
810,659	5351,15
811,046	5249,45
811,433	5238,15
811,82	5156,8
812,208	5199,74
812,595	5224,6
812,982	5156,8
813,369	5211,04
813,756	5095,79
814,143	5195,22
814,53	5301,43
814,916	5204,26
815,303	5161,32
815,69	5188,44
816,076	5247,19
816,463	5131,94
816,849	5195,22
817,236	5305,95
817,622	5348,89
818,008	5122,9
818,395	5125,16
818,781	5043,81
819,167	5174,88
819,553	5113,86
819,939	5066,41
820,325	5138,72
820,711	5086,75
821,097	5095,79
821,482	5174,88
821,868	5037,03
822,254	5165,84
822,639	4942,12
823,025	4994,09
823,41	5118,38
823,796	5016,69
824,181	5003,13
824,566	4971,5
824,952	5021,21
825,337	4811,05
825,722	4867,54
826,107	4894,66
826,492	4903,7
826,877	4878,84
827,262	4899,18
827,647	4948,9
828,031	4851,72
828,416	4964,72
828,801	4960,2
829,185	4937,6
829,57	4942,12
829,954	4838,17
830,338	4921,78
830,723	4802,01
831,107	4894,66
831,491	4996,35
831,875	4722,91
832,26	4777,15
832,644	4863,02
833,027	4752,29
833,411	4698,06
833,795	4777,15
834,179	4765,85
834,563	4621,22
834,946	4711,61
835,33	4797,49
835,714	4569,25
836,097	4695,8
836,48	4756,81
836,864	4731,95
837,247	4698,06
837,63	4655,12
838,013	4591,84
838,397	4666,42
838,78	4668,68
839,163	4774,89
839,546	4519,53
839,928	4686,76
840,311	4781,67
840,694	4551,17
841,077	4587,32
841,459	4481,11
841,842	4569,25
842,224	4580,54
842,607	4492,41
842,989	4596,36
843,372	4596,36
843,754	4510,49
844,136	4564,73
844,518	4578,29
844,9	4562,47
845,282	4399,76
845,664	4343,26
846,046	4435,92
846,428	4431,4
846,81	4356,82
847,191	4494,67
847,573	4435,92
847,955	4469,81
848,336	4424,62
848,718	4257,39
849,099	4433,66
849,48	4261,91
849,862	4451,73
850,243	4309,37
850,624	4440,44
851,005	4415,58
851,386	4331,96
851,767	4182,82
852,148	4255,13
852,529	4291,29
852,91	4151,18
853,291	4291,29
853,671	4214,45
854,052	4203,15
854,432	4167
854,813	4291,29
855,193	4300,33
855,574	4352,3
855,954	4216,71
856,334	4148,92
856,714	4144,4
857,094	4167
857,475	4069,82
857,854	4006,55
858,234	4209,93
858,614	4117,28
858,994	4074,34
859,374	4074,34
859,754	4128,58
860,133	4035,93
860,513	3992,99
860,892	3988,47
861,272	4117,28
861,651	3965,87
862,03	3988,47
862,41	3852,88
862,789	3859,66
863,168	3900,34
863,547	3895,82
863,926	3941,01
864,305	3870,96
864,684	4049,49
865,063	3950,05
865,441	3873,22
865,82	3800,9
866,199	3868,7
866,577	3846,1
866,956	3907,12
867,334	3778,31
867,713	3663,05
868,091	3701,47
868,469	3708,25
868,847	3846,1
869,225	3703,73
869,604	3620,12
869,982	3550,06
870,36	3577,18
870,737	3568,14
871,115	3667,57
871,493	3683,39
871,871	3586,22
872,248	3692,43
872,626	3696,95
873,003	3728,59
873,381	3687,91
873,758	3574,92
874,136	3685,65
874,513	3602,04
874,89	3694,69
875,267	3753,45
875,644	3780,57
876,021	3904,86
876,398	3843,84
876,775	3834,8
877,152	3941,01
877,529	3972,65
877,905	4058,52
878,282	4105,98
878,658	4334,22
879,035	4232,53
879,411	4169,26
879,788	4223,49
880,164	4307,11
880,54	4284,51
880,917	4363,6
881,293	4363,6
881,669	4447,22
882,045	4440,44
882,421	4453,99
882,797	4426,88
883,172	4515,01
883,548	4546,65
883,924	4652,86
884,299	4535,35
884,675	4564,73
885,051	4359,08
885,426	4501,45
885,801	4580,54
886,177	4399,76
886,552	4331,96
886,927	4259,65
887,302	4194,11
887,677	4257,39
888,052	4295,81
888,427	4135,36
888,802	4313,89
889,177	4187,33
889,552	4022,37
889,926	3943,27
890,301	3968,13
890,675	3846,1
891,05	3889,04
891,424	3823,5
891,799	3692,43
892,173	3615,6
892,547	3771,53
892,921	3739,89
893,295	3733,11
893,669	3583,96
894,043	3595,26
894,417	3541,02
894,791	3477,75
895,165	3428,03
895,539	3416,73
895,912	3448,37
896,286	3461,93
896,659	3301,48
897,033	3285,66
897,406	3168,15
897,78	3102,62
898,153	3269,84
898,526	3030,3
898,899	3138,77
899,272	3147,81
899,645	3258,55
900,018	3057,42
900,391	3003,19
900,764	3039,34
901,137	3009,96
901,51	3000,93
901,882	2953,47
902,255	2980,59
902,627	2876,63
903	2732,01
903,372	2867,6
903,744	2863,08
904,117	2831,44
904,489	2729,75
904,861	2833,7
905,233	2761,38
905,605	2562,52
905,977	2655,17
906,349	2675,51
906,721	2641,61
907,092	2616,75
907,464	2693,59
907,836	2700,37
908,207	2587,38
908,579	2632,57
908,95	2641,61
909,321	2591,9
909,693	2519,58
910,064	2578,34
910,435	2454,05
910,806	2431,45
911,177	2496,98
911,548	2469,87
911,919	2343,32
912,29	2485,68
912,661	2420,15
913,031	2506,02
913,402	2411,11
913,772	2257,44
914,143	2336,54
914,513	2365,91
914,884	2309,42
915,254	2261,96
915,624	2237,1
915,995	2241,62
916,365	2264,22
916,735	2232,58
917,105	2146,71
917,475	2209,99
917,844	2250,66
918,214	2164,79
918,584	2212,25
918,954	2035,98
919,323	2065,36
919,693	2047,28
920,062	1995,3
920,432	2051,8
920,801	1961,4
921,17	1913,95
921,54	1920,73
921,909	1965,92
922,278	1959,14
922,647	2029,2
923,016	1970,44
923,385	1913,95
923,753	1916,21
924,122	1843,89
924,491	1832,59
924,859	1920,73
925,228	1796,44
925,596	1866,49
925,965	1796,44
926,333	1837,11
926,702	1683,45
927,07	1712,82
927,438	1828,07
927,806	1674,41
928,174	1703,78
928,542	1699,26
928,91	1733,16
929,278	1674,41
929,646	1660,85
930,013	1624,69
930,381	1595,31
930,748	1611,13
931,116	1633,73
931,483	1529,78
931,851	1504,92
932,218	1513,96
932,585	1520,74
932,953	1385,15
933,32	1434,86
933,687	1378,37
934,054	1430,35
934,421	1326,39
934,787	1290,24
935,154	1236
935,521	1242,78
935,888	1281,2
936,254	1220,18
936,621	1168,21
936,987	1215,66
937,354	1111,71
937,72	1145,61
938,086	1061,99
938,452	1028,1
938,818	1014,54
939,184	978,38
939,55	908,33
939,916	928,66
940,282	980,64
940,648	917,36
941,014	924,14
941,379	856,35
941,745	915,1
942,111	903,81
942,476	881,21
942,841	908,33
943,207	858,61
943,572	890,25
943,937	793,07
944,302	883,47
944,667	847,31
945,032	865,39
945,397	836,01
945,762	806,63
946,127	840,53
946,492	831,49
946,856	836,01
947,221	851,83
947,585	854,09
947,95	817,93
948,314	793,07
948,679	826,97
949,043	842,79
949,407	808,89
949,771	754,66
950,135	784,03
950,499	786,29
950,863	784,03
951,227	858,61
951,591	793,07
951,955	795,33
952,318	772,74
952,682	759,18
953,045	806,63
953,409	754,66
953,772	759,18
954,136	770,48
954,499	765,96
954,862	786,29
955,225	732,06
955,588	811,15
955,951	759,18
956,314	775
956,677	723,02
957,04	799,85
957,403	799,85
957,765	727,54
958,128	700,42
958,49	655,22
958,853	702,68
959,215	707,2
959,577	662
959,94	666,52
960,302	698,16
960,664	781,77
961,026	763,7
961,388	713,98
961,75	750,14
962,112	727,54
962,474	729,8
962,835	637,15
963,197	720,76
963,559	711,72
963,92	677,82
964,282	682,34
964,643	598,73
965,004	718,5
965,365	723,02
965,727	686,86
966,088	671,04
966,449	598,73
966,81	621,33
967,171	689,12
967,532	750,14
967,892	632,63
968,253	569,35
968,614	673,3
968,974	610,03
969,335	664,26
969,695	659,74
970,055	625,85
970,416	698,16
970,776	560,31
971,136	707,2
971,496	648,44
971,856	582,91
972,216	589,69
972,576	680,08
972,936	587,43
973,296	634,89
973,655	587,43
974,015	591,95
974,374	594,21
974,734	619,07
975,093	582,91
975,453	605,51
975,812	555,79
976,171	555,79
976,53	544,49
976,889	546,75
977,248	492,52
977,607	546,75
977,966	571,61
978,325	488
978,684	526,41
979,042	546,75
979,401	515,12
979,759	508,34
980,118	562,57
980,476	476,7
980,835	544,49
981,193	530,93
981,551	474,44
981,909	537,71
982,267	488
982,625	562,57
982,983	526,41
983,341	467,66
983,699	521,89
984,056	555,79
984,414	501,56
984,772	517,37
985,129	467,66
985,487	463,14
985,844	481,22
986,201	490,26
986,558	395,34
986,916	503,82
987,273	576,13
987,63	483,48
987,987	488
988,343	476,7
988,7	526,41
989,057	499,3
989,414	451,84
989,77	399,86
990,127	447,32
990,483	555,79
990,84	449,58
991,196	458,62
991,552	413,42
991,908	438,28
992,265	433,76
992,621	517,37
992,977	447,32
993,332	426,98
993,688	375,01
994,044	426,98
994,4	417,94
994,755	467,66
995,111	440,54
995,466	426,98
995,822	465,4
996,177	402,12
996,533	431,5
996,888	420,2
997,243	417,94
997,598	404,38
997,953	415,68
998,308	515,12
998,663	456,36
999,018	458,62
999,372	431,5
999,727	422,46
1000,082	429,24
1000,436	343,37
1000,79	402,12
1001,145	393,08
1001,499	447,32
1001,853	411,16
1002,208	456,36
1002,562	515,12
1002,916	442,8
1003,27	356,93
1003,624	440,54
1003,977	359,19
1004,331	474,44
1004,685	402,12
1005,038	320,77
1005,392	397,6
1005,745	440,54
1006,099	365,97
1006,452	402,12
1006,805	372,75
1007,159	397,6
1007,512	417,94
1007,865	438,28
1008,218	424,72
1008,571	343,37
1008,924	370,49
1009,276	370,49
1009,629	399,86
1009,982	368,23
1010,334	365,97
1010,687	381,79
1011,039	399,86
1011,392	458,62
1011,744	359,19
1012,096	365,97
1012,448	345,63
1012,8	338,85
1013,152	356,93
1013,504	420,2
1013,856	386,3
1014,208	397,6
1014,56	320,77
1014,911	336,59
1015,263	406,64
1015,614	426,98
1015,966	406,64
1016,317	402,12
1016,668	370,49
1017,02	381,79
1017,371	345,63
1017,722	275,57
1018,073	365,97
1018,424	350,15
1018,775	365,97
1019,126	347,89
1019,476	377,27
1019,827	386,3
1020,177	341,11
1020,528	361,45
1020,878	399,86
1021,229	381,79
1021,579	386,3
1021,929	304,95
1022,28	420,2
1022,63	352,41
1022,98	388,56
1023,33	320,77
1023,68	417,94
1024,029	417,94
1024,379	417,94
